0.181947 -11131.811037
0.256528 -11092.802878
0.445623 -11085.610283
0.762104 -11082.141890
1.282497 -11076.226867
1.930760 -11074.707858
2.621821 -11072.567685
3.283022 -11072.432049
4.022607 -11069.135387
4.729690 -11069.135387
5.497342 -11068.741027
6.365897 -11068.209686
7.111674 -11066.809775
7.818167 -11066.461242
8.510657 -11066.461242
9.271358 -11066.425044
10.173810 -11063.043142
10.922857 -11063.023730
11.628068 -11063.023730
12.407052 -11063.023730
13.381028 -11063.023730
13.969677 -11063.023730
