0.210134 -18808.950958
0.299812 -18749.176899
0.556331 -18744.454887
1.145556 -18733.811907
1.708784 -18729.481670
2.258114 -18728.953317
2.823360 -18728.719811
3.387044 -18728.538017
3.949399 -18728.435892
4.503250 -18727.990055
5.056930 -18727.841580
5.639489 -18727.115386
6.231220 -18723.805117
6.924718 -18719.224658
7.755070 -18719.077975
8.529016 -18719.077975
9.274001 -18718.697705
10.368492 -18718.595045
11.295668 -18718.474530
12.125125 -18718.369943
12.906222 -18718.369943
13.651233 -18718.369943
14.690516 -18718.369943
15.694516 -18718.369943
