0.439093 -23208.965483
0.576735 -23188.580460
0.985456 -23184.179501
1.714711 -23164.500590
2.452646 -23160.723147
3.197237 -23159.702800
3.962936 -23159.519781
4.718072 -23159.500096
5.469439 -23159.484347
6.402102 -23152.354904
7.572206 -23152.321881
8.658045 -23152.321881
9.605838 -23152.321881
11.780546 -23146.905017
13.559726 -23132.351259
14.943664 -23126.846021
16.137720 -23126.673385
17.210549 -23126.651570
18.267926 -23126.651570
19.312093 -23126.651570
21.372043 -23126.651570
22.684239 -23126.651570
