0.129857 -9908.058224
0.196772 -9865.745036
0.350424 -9845.383129
0.606745 -9840.905120
1.064946 -9837.693582
1.607829 -9836.774521
2.155454 -9836.244369
2.727760 -9835.526041
3.300372 -9834.379714
3.890838 -9834.188497
4.475421 -9833.047248
5.053861 -9832.041205
5.631264 -9831.980742
6.220618 -9831.529048
6.917558 -9828.943369
7.586139 -9828.920941
8.230370 -9828.920941
8.834863 -9828.920941
9.543411 -9828.920941
10.175945 -9827.693923
11.116245 -9827.693923
11.900775 -9827.693923
12.584928 -9827.693923
13.208567 -9827.693923
