0.250319 -19854.908718
0.347289 -19804.268203
0.629106 -19800.264755
1.306112 -19786.085291
2.029810 -19781.749172
2.683878 -19781.040995
3.363209 -19780.956173
4.048275 -19779.742741
4.724463 -19777.117105
5.412734 -19776.573944
6.081630 -19775.775632
6.750261 -19775.400129
7.406273 -19775.189923
8.192798 -19770.109886
9.109372 -19769.256740
9.988491 -19769.256740
10.780464 -19768.680241
11.920766 -19767.649181
12.893612 -19767.649181
13.728337 -19767.649181
14.989527 -19767.649181
15.763708 -19767.649181
